00117
00841
00909
00912
00918
00927
01021
01023
01033
01042
01256
01258
01380
01382
01395
01401
01469
01478
01864
01866
01914
02064
02067
02073
02075
02079
02082
02083
02125
02127
02133
02133
02151
02300
02301
02307
02317
02318
02323
02336
02346
02357
02366
02368
02371
02376
02383
02431
02438
02440
02465
02471
02480
02483
02606
02691
02703
02708
02716
02819
02864
02867
02872
02872
02876
02992
02998
03108
03115
03250
03286
03292
03379
03383
03394
03436
03450
03824
03836
05465
05471
05499
05709
06553
06563
06569
06609
06645
06645
06646
06750
06759
07022
07106
07108
07118
07152
07152
07643
07687
07696
07701
07719
07722
07725
07736
07743
07750
07759
07763
07847
07852
07858
07954
08061
08070
08072
08083
08084
08106
08108
08112
08114
08115
08119
08157
08161
08176
08186
08196
08205
08213
08216
08224
08236
08236
08243
08245
08341
08343
08353
08369
08513
08547
08548
08554
08582
08591
08605
08611
08613
08689
08884
09664
09709
09826
09827
09839
10007
10028
10029
10057
10070
10080
10085
10094
10108
10110
10118
10118
10143
10150
10162
10163
10166
10168
10170
10171
10175
10180
10220
11138
11138
11621
11622
11625
11628
11632
11646
11653
12393
12394
12403
12404
12424
12426
12438
12439
12469
12475
12476
12487
12496
12497
12500
12501
12979
13074
13085
13088
13089
15291
15296
15302
15309
15324
15324
15329
15459
15462
15462
15463
15464
15469
15470
15519
15543
15561
15566
15570
15571
15576
15578
15582
15588
15589
15598
15604
15612
15627
15633
15671
15677
15819
15874
15881
15925
15947
16034
16055
16111
16113
16118
16144
16149
16158
16161
16169
16172
16191
16193
16277
16316
16317
16320
16335
16364
16629
16635
16683
16688
16697
16699
16708
16714
16716
16720
16724
16730
16734
16739
16743
16746
16748
16759
16780
16781
16806
16809
16815
16816
16823
16833
16836
16837
16842
16842
16877
16883
17043
17043
17045
17061
17222
17224
17226
17227
17234
17251
17267
19059
19072
19078
19082
19112
19127
19132
19167
19170
19186
19190
19204
19222
19227
21246
21281
21697
21741
21747
21879
21884
21936
21942
21950
21951
21957
21965
21984
21994
22019
22036
22042
22049
22055
22074
22100
22108
22116
22142
22144
22151
22158
22162
22168
22178
22235
22247
22369
22539
22613
22613
22615
22617
22686
22882
22884
22903
22904
22913
22914
22975
23052
23062
23224
23231
23234
23239
23256
23270
23276
23338
23352
23359
23361
23383
23398
23409
23415
23464
23491
23495
23522
23692
23696
23724
23728
23736
23740
23756
23757
23761
23765
23771
23775
23776
23778
23780
23950
23951
23960
23975
23978
23980
24225
24395
24619
24621
24631
24632
24638
24638
24645
24647
24651
24691
24692
24696
24697
24702
24703
24724
24725
24737
24741
25286
25287
25298
25310
25318
26651
26651
26656
26664
26699
26699
26787
26788
26796
26797
26804
26805
27016
27028
27778
27780
29627
29630
29636
29638
29642
29646
29646
29673
29681
29683
29684
29710
29716
29765
29765
29767
29772
29774
40780
45280
45280
45286
45289
45292
45293
45301
45314
45324
45333
45342
45370
45372
45383
45411
45413
45417
45421
45428
45431
45440
45446
45446
45450
45454
45454
45461
45470
45486
45488
45500
45510
45514
45525
45525
45528
45530
45538
45542
45543
45545
45548
45549
45585
45587
55304
55306
55318
55324
55327
55332
56062
56070
56094
56104
56167
56170
57083
57176
57189
57298
57354
59765
59766
59777
60282
60292
60994
60999
61010
61034
61046
61050
61068
61070
61073
61077
61081
61104
61516
61516
61524
61540
61698
61699
61776
61777
61781
62052
62054
62152
62640
62931
62960
63301
63310
63317
63319
63320
63322
63324
63324
63387
63389
63622
63627
63632
63670
63771
63828
64466
64542
64584
64658
64667
64752
64754
64762
64767
64781
65128
65146
65158
65181
65185
65617
65617
65621
65621
65635
65636
65645
65861
65907
65938
65940
65958
65960
65968
65972
67913
67914
67917
67923
67929
67930
68009
68010
68010
68016
68024
68026
68030
68102
68109
68504
68506
68525
68526
68526
68545
68548
68550
68554
68561
68564
68630
68698
68700
71287
71304
71307
71313
71322
71323
71327
71786
71787
71796
71803
71885
72043
72047
72062
72145
72150
72157
72646
73658
73707
73729
73738
73880
73934
73940
73945
73948
73949
73952
74599
74728
74751
74755
74822
74842
74842
74852
74860
74867
74868
74870
75295
75298
75443
75454
75455
75469
75760
75762
75794
75800
75819
75891
75891
75895
75897
75906
76726
76727
76822
77624
77631
77645
77653
77664
77675
78585
78591
78964
79749
79770
79797
79800
79804
79814
79818
79822
79826
79835
79869
79874
79879
79880
79883
79887
79904
80005
80012
80019
80025
80031
80091
80101
80106
80116
80138
80157
80162
80167
80179
80188
80191
80200
80203
80221
80229
80236
80243
80250
80258
80259
80267
80271
80271
80287
80296
80313
80330
80336
80362
80370
80382
80386
80391
80459
80462
80467
80548
80558
80642
80673
80800
80810
80823
80846
80862
80875
80878
80891
80897
80911
80989
80997
81006
81009
81024
81026
81031
81070
81082
81168
81176
81266
81428
81452
81464
81466
81486
81501
81525
81528
81531
81547
81553
81554
81585
81594
81602
81994
81996
82001
82229
82230
82232
82239
82241
82251
82263
82267
82389
82390
82407
82412
82420
82447
82463
82766
82766
82782
82783
82801
82802
82805
82807
82813
82816
82825
82827
82862
82867
82908
82938
82944
82947
82949
82953
82953
82955
82958
82968
82970
82975
82976
82977
82979
82984
82990
82993
83132
83155
83191
83194
83195
83202
83342
83355
83763
83764
84300
84956
84963
84967
84973
85088
85763
86084
86088
86091
86092
86099
86105
86299
86301
86415
86436
86907
86908
87747
87749
87759
88296
88303
88304
88311
88314
88407
89186
89219
89220
89826
89828
89834
89895
89898
89901
90048
90049
90055
90063
90123
90124
90127
90130
90146
90149
90173
90174
90233
90233
90237
90238
90248
90250
90278
90293
90299
90308
93580
93582
93586
93601
93603
93771
93773
93777
93779
93801
93821
93986
93987
94003
94006
94020
94193
94198
94199
94201
94515
94526
94526
94989
94990
95044
95046
95058
95058
95059
95063
95067
95069
95076
95082
95084
99390
99391
99393
99400
99408
99558
99565
99590
99605
99614
99617
99667
99670
99683
99685
99743
99951
